0.0,65.0,5.0,1.5707964
0.0,65.288216,5.0,1.5707964
0.0,65.57643,5.0,1.5707964
0.0,65.864624,5.0,1.5707964
0.0,66.152794,5.0,1.5707964
0.0,66.44093,5.0,1.5707964
0.0,66.729034,5.0,1.5707964
0.0,67.01708,5.0,1.5707964
0.0,67.305084,5.0,1.5707964
0.0,67.59302,5.0,1.5707964
0.0,67.880875,5.0,1.5707964
0.0,68.168655,5.0,1.5707964
0.0,68.45635,5.0,1.5707964
0.0,68.74396,5.0,1.5707964
0.0,69.031456,5.0,1.5707964
0.0,69.31884,5.0,1.5707964
0.0,69.60611,5.0,1.5707964
0.0,69.89325,5.0,1.5707964
0.0,70.18026,5.0,1.5707964
0.0,70.467125,5.0,1.5707964
0.0,70.753845,5.0,1.5707964
0.0,71.0404,5.0,1.5707964
0.0,71.32679,5.0,1.5707964
0.0,71.61301,5.0,1.5707964
0.0,71.89905,5.0,1.5707964
0.0,72.18489,5.0,1.5707964
0.0,72.47054,5.0,1.5707964
0.0,72.75599,5.0,1.5707964
0.0,73.04122,5.0,1.5707964
0.0,73.32623,5.0,1.5707964
0.0,73.611015,5.0,1.5707964
0.0,73.89556,5.0,1.5707964
0.0,74.17986,5.0,1.5707964
0.0,74.463905,5.0,1.5707964
0.0,74.747696,5.0,1.5707964
0.0,75.03122,5.0,1.5707964
0.0,75.31447,5.0,1.5707964
0.0,75.59743,5.0,1.5707964
0.0,75.880104,5.0,1.5707964
0.0,76.162476,5.0,1.5707964
0.0,76.44454,5.0,1.5707964
0.0,76.726295,5.0,1.5707964
0.0,77.00772,5.0,1.5707964
0.0,77.288826,5.0,1.5707964
0.0,77.56959,5.0,1.5707964
0.0,77.850006,5.0,1.5707964
0.0,78.130066,5.0,1.5707964
0.0,78.409775,5.0,1.5707964
0.0,78.68911,5.0,1.5707964
0.0,78.96807,5.0,1.5707964
0.0,79.24665,5.0,1.5707964
0.0,79.52483,5.0,1.5707964
0.0,79.80262,5.0,1.5707964
0.0,80.08,5.0,1.5707964
0.0,80.356964,5.0,1.5707964
0.0,80.63351,5.0,1.5707964
0.0,80.90962,5.0,1.5707964
0.0,81.1853,5.0,1.5707964
0.0,81.46053,5.0,1.5707964
0.0,81.73532,5.0,1.5707964
0.0,82.00964,5.0,1.5707964
0.0,82.28349,5.0,1.5707964
0.0,82.55688,5.0,1.5707964
0.0,82.82977,5.0,1.5707964
0.0,83.10218,5.0,1.5707964
0.0,83.37409,5.0,1.5707964
0.0,83.6455,5.0,1.5707964
0.0,83.9164,5.0,1.5707964
0.0,84.18677,5.0,1.5707964
0.0,84.45662,5.0,1.5707964
0.0,84.72593,5.0,1.5707964
0.0,84.994705,5.0,1.5707964
0.0,85.26293,5.0,1.5707964
0.0,85.530594,5.0,1.5707964
0.0,85.7977,5.0,1.5707964
0.0,86.06423,5.0,1.5707964
0.0,86.330185,5.0,1.5707964
0.0,86.59555,5.0,1.5707964
0.0,86.86033,5.0,1.5707964
0.0,87.124504,5.0,1.5707964
0.0,87.38807,5.0,1.5707964
0.0,87.65102,5.0,1.5707964
0.0,87.91335,5.0,1.5707964
0.0,88.17505,5.0,1.5707964
0.0,88.43611,5.0,1.5707964
0.0,88.69653,5.0,1.5707964
0.0,88.95631,5.0,1.5707964
0.0,89.215416,5.0,1.5707964
0.0,89.47386,5.0,1.5707964
0.0,89.73164,5.0,1.5707964
0.0,89.98874,5.0,1.5707964
0.0,90.24515,5.0,1.5707964
0.0,90.50086,5.0,1.5707964
0.0,90.755875,5.0,1.5707964
0.0,91.010185,5.0,1.5707964
0.0,91.26378,5.0,1.5707964
0.0,91.516655,5.0,1.5707964
0.0,91.7688,5.0,1.5707964
0.0,92.02021,5.0,1.5707964
0.0,92.27088,5.0,1.5707964
0.0,92.5208,5.0,1.5707964
0.0,92.76996,5.0,1.5707964
0.0,93.018364,5.0,1.5707964
0.0,93.26599,5.0,1.5707964
0.0,93.51285,5.0,1.5707964
0.0,93.75892,5.0,1.5707964
0.0,94.0042,5.0,1.5707964
0.0,94.24869,5.0,1.5707964
0.0,94.49237,5.0,1.5707964
0.0,94.735245,5.0,1.5707964
0.0,94.9773,5.0,1.5707964
0.0,95.21854,5.0,1.5707964
0.0,95.45894,5.0,1.5707964
0.0,95.6985,5.0,1.5707964
0.0,95.937225,5.0,1.5707964
0.0,96.1751,5.0,1.5707964
0.0,96.41212,5.0,1.5707964
0.0,96.64828,5.0,1.5707964
0.0,96.88356,5.0,1.5707964
0.0,97.11797,5.0,1.5707964
0.0,97.3515,5.0,1.5707964
0.0,97.584145,5.0,1.5707964
0.0,97.81589,5.0,1.5707964
0.0,98.04673,5.0,1.5707964
0.0,98.27667,5.0,1.5707964
0.0,98.50569,5.0,1.5707964
0.0,98.733795,5.0,1.5707964
0.0,98.960976,5.0,1.5707964
0.0,99.18722,5.0,1.5707964
0.0,99.41252,5.0,1.5707964
0.0,99.63688,5.0,1.5707964
0.0,99.86029,5.0,1.5707964
0.0,100.08274,5.0,1.5707964
0.0,100.30423,5.0,1.5707964
0.0,100.52475,5.0,1.5707964
0.0,100.74429,5.0,1.5707964
0.0,100.96285,5.0,1.5707964
0.0,101.18043,5.0,1.5707964
0.0,101.39701,5.0,1.5707964
0.0,101.61259,5.0,1.5707964
0.0,101.82716,5.0,1.5707964
0.0,102.040726,5.0,1.5707964
0.0,102.25327,5.0,1.5707964
0.0,102.4648,5.0,1.5707964
0.0,102.67529,5.0,1.5707964
0.0,102.88476,5.0,1.5707964
0.0,103.09318,5.0,1.5707964
0.0,103.30055,5.0,1.5707964
0.0,103.506874,5.0,1.5707964
0.0,103.712135,5.0,1.5707964
0.0,103.916336,5.0,1.5707964
0.0,104.11948,5.0,1.5707964
0.0,104.32153,5.0,1.5707964
0.0,104.522514,5.0,1.5707964
0.0,104.722404,5.0,1.5707964
0.0,104.92121,5.0,1.5707964
0.0,105.11891,5.0,1.5707964
0.0,105.31552,5.0,1.5707964
0.0,105.51102,5.0,1.5707964
0.0,105.7054,5.0,1.5707964
0.0,105.89867,5.0,1.5707964
0.0,106.09081,5.0,1.5707964
0.0,106.28183,5.0,1.5707964
0.0,106.47171,5.0,1.5707964
0.0,106.66045,5.0,1.5707964
0.0,106.84805,5.0,1.5707964
0.0,107.03451,5.0,1.5707964
0.0,107.2198,5.0,1.5707964
0.0,107.40394,5.0,1.5707964
0.0,107.58691,5.0,1.5707964
0.0,107.768715,5.0,1.5707964
0.0,107.94934,5.0,1.5707964
0.0,108.12879,5.0,1.5707964
0.0,108.30705,5.0,1.5707964
0.0,108.48413,5.0,1.5707964
0.0,108.66001,5.0,1.5707964
0.0,108.834694,5.0,1.5707964
0.0,109.00817,5.0,1.5707964
0.0,109.180435,5.0,1.5707964
0.0,109.351494,5.0,1.5707964
0.0,109.52133,5.0,1.5707964
0.0,109.68995,5.0,1.5707964
0.0,109.85734,5.0,1.5707964
0.0,110.02349,5.0,1.5707964
0.0,110.188416,5.0,1.5707964
0.0,110.3521,5.0,1.5707964
0.0,110.51453,5.0,1.5707964
0.0,110.67571,5.0,1.5707964
0.0,110.83564,5.0,1.5707964
0.0,110.99431,5.0,1.5707964
0.0,111.15172,5.0,1.5707964
0.0,111.30786,5.0,1.5707964
0.0,111.46273,5.0,1.5707964
0.0,111.616325,5.0,1.5707964
0.0,111.76864,5.0,1.5707964
0.0,111.91966,5.0,1.5707964
0.0,112.069405,5.0,1.5707964
0.0,112.21785,5.0,1.5707964
0.0,112.365005,5.0,1.5707964
0.0,112.51085,5.0,1.5707964
0.0,112.655396,5.0,1.5707964
0.0,112.79864,5.0,1.5707964
0.0,112.94056,5.0,1.5707964
0.0,113.08117,5.0,1.5707964
0.0,113.22045,5.0,1.5707964
0.0,113.35841,5.0,1.5707964
0.0,113.49505,5.0,1.5707964
0.0,113.630356,5.0,1.5707964
0.0,113.76432,5.0,1.5707964
0.0,113.89695,5.0,1.5707964
0.0,114.02824,5.0,1.5707964
0.0,114.15817,5.0,1.5707964
0.0,114.286766,5.0,1.5707964
0.0,114.414,5.0,1.5707964
0.0,114.53988,5.0,1.5707964
0.0,114.6644,5.0,1.5707964
0.0,114.78755,5.0,1.5707964
0.0,114.90934,5.0,1.5707964
0.0,115.02976,5.0,1.5707964
0.0,115.1488,5.0,1.5707964
0.0,115.26647,5.0,1.5707964
0.0,115.38275,5.0,1.5707964
0.0,115.49766,5.0,1.5707964
0.0,115.611176,5.0,1.5707964
0.0,115.7233,5.0,1.5707964
0.0,115.83403,5.0,1.5707964
0.0,115.94337,5.0,1.5707964
0.0,116.05131,5.0,1.5707964
0.0,116.15784,5.0,1.5707964
0.0,116.26297,5.0,1.5707964
0.0,116.36669,5.0,1.5707964
0.0,116.46901,5.0,1.5707964
0.0,116.56991,5.0,1.5707964
0.0,116.66939,5.0,1.5707964
0.0,116.767456,5.0,1.5707964
0.0,116.8641,5.0,1.5707964
0.0,116.95931,5.0,1.5707964
0.0,117.05311,5.0,1.5707964
0.0,117.14547,5.0,1.5707964
0.0,117.2364,5.0,1.5707964
0.0,117.32589,5.0,1.5707964
0.0,117.41395,5.0,1.5707964
0.0,117.50057,5.0,1.5707964
0.0,117.58575,5.0,1.5707964
0.0,117.66948,5.0,1.5707964
0.0,117.75177,5.0,1.5707964
0.0,117.8326,5.0,1.5707964
0.0,117.911995,5.0,1.5707964
0.0,117.98993,5.0,1.5707964
0.0,118.06641,5.0,1.5707964
0.0,118.141426,5.0,1.5707964
0.0,118.21499,5.0,1.5707964
0.0,118.287094,5.0,1.5707964
0.0,118.357735,5.0,1.5707964
0.0,118.4269,5.0,1.5707964
0.0,118.49461,5.0,1.5707964
0.0,118.560844,5.0,1.5707964
0.0,118.62561,5.0,1.5707964
0.0,118.6889,5.0,1.5707964
0.0,118.750725,5.0,1.5707964
0.0,118.811066,5.0,1.5707964
0.0,118.869934,5.0,1.5707964
0.0,118.927315,5.0,1.5707964
0.0,118.98322,5.0,1.5707964
0.0,119.03764,5.0,1.5707964
0.0,119.09058,5.0,1.5707964
0.0,119.14204,5.0,1.5707964
0.0,119.192,5.0,1.5707964
0.0,119.24048,5.0,1.5707964
0.0,119.28747,5.0,1.5707964
0.0,119.33296,5.0,1.5707964
0.0,119.37697,5.0,1.5707964
0.0,119.41949,5.0,1.5707964
0.0,119.4605,5.0,1.5707964
0.0,119.50002,5.0,1.5707964
0.0,119.53805,5.0,1.5707964
0.0,119.57458,5.0,1.5707964
0.0,119.609604,5.0,1.5707964
0.0,119.643135,5.0,1.5707964
0.0,119.67516,5.0,1.5707964
0.0,119.705696,5.0,1.5707964
0.0,119.73472,5.0,1.5707964
0.0,119.76224,5.0,1.5707964
0.0,119.78826,5.0,1.5707964
0.0,119.812775,5.0,1.5707964
0.0,119.835785,5.0,1.5707964
0.0,119.857285,5.0,1.5707964
0.0,119.87728,5.0,1.5707964
0.0,119.89577,5.0,1.5707964
0.0,119.91275,5.0,1.5707964
0.0,119.92822,5.0,1.5707964
0.0,119.94219,5.0,1.5707964
0.0,119.95465,5.0,1.5707964
0.0,119.9656,5.0,1.5707964
0.0,119.97504,5.0,1.5707964
0.0,119.98296,5.0,1.5707964
0.0,119.98938,5.0,1.5707964
0.0,119.994286,5.0,1.5707964
0.0,119.99769,5.0,1.5707964
0.0,119.99957,5.0,1.5707964
0.0,119.999954,5.0,1.5707964
0.0,119.99882,5.0,-1.5707964
0.0,119.99618,5.0,-1.5707964
0.0,119.99203,5.0,-1.5707964
0.0,119.98636,5.0,-1.5707964
0.0,119.97919,5.0,-1.5707964
0.0,119.970505,5.0,-1.5707964
0.0,119.96031,5.0,-1.5707964
0.0,119.94861,5.0,-1.5707964
0.0,119.935394,5.0,-1.5707964
0.0,119.92068,5.0,-1.5707964
0.0,119.90445,5.0,-1.5707964
0.0,119.88671,5.0,-1.5707964
0.0,119.86747,5.0,-1.5707964
0.0,119.84672,5.0,-1.5707964
0.0,119.82446,5.0,-1.5707964
0.0,119.800705,5.0,-1.5707964
0.0,119.77544,5.0,-1.5707964
0.0,119.748665,5.0,-1.5707964
0.0,119.72039,5.0,-1.5707964
0.0,119.69062,5.0,-1.5707964
0.0,119.65934,5.0,-1.5707964
0.0,119.62656,5.0,-1.5707964
0.0,119.59228,5.0,-1.5707964
0.0,119.5565,5.0,-1.5707964
0.0,119.519226,5.0,-1.5707964
0.0,119.480446,5.0,-1.5707964
0.0,119.44018,5.0,-1.5707964
0.0,119.398415,5.0,-1.5707964
0.0,119.355156,5.0,-1.5707964
0.0,119.3104,5.0,-1.5707964
0.0,119.26416,5.0,-1.5707964
0.0,119.21642,5.0,-1.5707964
0.0,119.167206,5.0,-1.5707964
0.0,119.11649,5.0,-1.5707964
0.0,119.0643,5.0,-1.5707964
0.0,119.01062,5.0,-1.5707964
0.0,118.95545,5.0,-1.5707964
0.0,118.89881,5.0,-1.5707964
0.0,118.84068,5.0,-1.5707964
0.0,118.78108,5.0,-1.5707964
0.0,118.72,5.0,-1.5707964
0.0,118.65744,5.0,-1.5707964
0.0,118.593414,5.0,-1.5707964
0.0,118.527916,5.0,-1.5707964
0.0,118.46094,5.0,-1.5707964
0.0,118.3925,5.0,-1.5707964
0.0,118.32259,5.0,-1.5707964
0.0,118.25123,5.0,-1.5707964
0.0,118.17839,5.0,-1.5707964
0.0,118.1041,5.0,-1.5707964
0.0,118.02835,5.0,-1.5707964
0.0,117.95114,5.0,-1.5707964
0.0,117.87248,5.0,-1.5707964
0.0,117.792366,5.0,-1.5707964
0.0,117.71081,5.0,-1.5707964
0.0,117.62779,5.0,-1.5707964
0.0,117.54334,5.0,-1.5707964
0.0,117.45744,5.0,-1.5707964
0.0,117.3701,5.0,-1.5707964
0.0,117.28133,5.0,-1.5707964
0.0,117.19111,5.0,-1.5707964
0.0,117.099464,5.0,-1.5707964
0.0,117.006386,5.0,-1.5707964
0.0,116.91188,5.0,-1.5707964
0.0,116.815956,5.0,-1.5707964
0.0,116.7186,5.0,-1.5707964
0.0,116.61983,5.0,-1.5707964
0.0,116.51963,5.0,-1.5707964
0.0,116.41803,5.0,-1.5707964
0.0,116.31501,5.0,-1.5707964
0.0,116.21058,5.0,-1.5707964
0.0,116.10475,5.0,-1.5707964
0.0,115.99751,5.0,-1.5707964
0.0,115.88887,5.0,-1.5707964
0.0,115.77884,5.0,-1.5707964
0.0,115.66741,5.0,-1.5707964
0.0,115.55459,5.0,-1.5707964
0.0,115.44038,5.0,-1.5707964
0.0,115.32478,5.0,-1.5707964
0.0,115.20781,5.0,-1.5707964
0.0,115.089455,5.0,-1.5707964
0.0,114.96972,5.0,-1.5707964
0.0,114.84862,5.0,-1.5707964
0.0,114.72615,5.0,-1.5707964
0.0,114.60231,5.0,-1.5707964
0.0,114.47711,5.0,-1.5707964
0.0,114.350555,5.0,-1.5707964
0.0,114.22264,5.0,-1.5707964
0.0,114.093376,5.0,-1.5707964
0.0,113.96276,5.0,-1.5707964
0.0,113.8308,5.0,-1.5707964
0.0,113.6975,5.0,-1.5707964
0.0,113.56287,5.0,-1.5707964
0.0,113.4269,5.0,-1.5707964
0.0,113.2896,5.0,-1.5707964
0.0,113.15098,5.0,-1.5707964
0.0,113.011024,5.0,-1.5707964
0.0,112.86976,5.0,-1.5707964
0.0,112.72718,5.0,-1.5707964
0.0,112.58329,5.0,-1.5707964
0.0,112.43809,5.0,-1.5707964
0.0,112.29159,5.0,-1.5707964
0.0,112.14379,5.0,-1.5707964
0.0,111.9947,5.0,-1.5707964
0.0,111.84431,5.0,-1.5707964
0.0,111.69264,5.0,-1.5707964
0.0,111.53969,5.0,-1.5707964
0.0,111.38545,5.0,-1.5707964
0.0,111.22995,5.0,-1.5707964
0.0,111.07317,5.0,-1.5707964
0.0,110.91513,5.0,-1.5707964
0.0,110.75584,5.0,-1.5707964
0.0,110.595276,5.0,-1.5707964
0.0,110.433464,5.0,-1.5707964
0.0,110.27041,5.0,-1.5707964
0.0,110.10611,5.0,-1.5707964
0.0,109.94057,5.0,-1.5707964
0.0,109.773796,5.0,-1.5707964
0.0,109.6058,5.0,-1.5707964
0.0,109.43657,5.0,-1.5707964
0.0,109.26612,5.0,-1.5707964
0.0,109.09445,5.0,-1.5707964
0.0,108.92158,5.0,-1.5707964
0.0,108.7475,5.0,-1.5707964
0.0,108.57222,5.0,-1.5707964
0.0,108.39574,5.0,-1.5707964
0.0,108.21807,5.0,-1.5707964
0.0,108.039215,5.0,-1.5707964
0.0,107.85918,5.0,-1.5707964
0.0,107.677956,5.0,-1.5707964
0.0,107.49557,5.0,-1.5707964
0.0,107.31201,5.0,-1.5707964
0.0,107.1273,5.0,-1.5707964
0.0,106.94142,5.0,-1.5707964
0.0,106.7544,5.0,-1.5707964
0.0,106.56622,5.0,-1.5707964
0.0,106.376915,5.0,-1.5707964
0.0,106.18646,5.0,-1.5707964
0.0,105.99488,5.0,-1.5707964
0.0,105.80218,5.0,-1.5707964
0.0,105.60835,5.0,-1.5707964
0.0,105.41341,5.0,-1.5707964
0.0,105.217354,5.0,-1.5707964
0.0,105.020195,5.0,-1.5707964
0.0,104.821945,5.0,-1.5707964
0.0,104.6226,5.0,-1.5707964
0.0,104.42216,5.0,-1.5707964
0.0,104.220634,5.0,-1.5707964
0.0,104.01804,5.0,-1.5707964
0.0,103.81437,5.0,-1.5707964
0.0,103.609634,5.0,-1.5707964
0.0,103.40385,5.0,-1.5707964
0.0,103.19699,5.0,-1.5707964
0.0,102.9891,5.0,-1.5707964
0.0,102.78016,5.0,-1.5707964
0.0,102.570175,5.0,-1.5707964
0.0,102.35917,5.0,-1.5707964
0.0,102.14713,5.0,-1.5707964
0.0,101.934074,5.0,-1.5707964
0.0,101.72,5.0,-1.5707964
0.0,101.50492,5.0,-1.5707964
0.0,101.28884,5.0,-1.5707964
0.0,101.07176,5.0,-1.5707964
0.0,100.8537,5.0,-1.5707964
0.0,100.63464,5.0,-1.5707964
0.0,100.41461,5.0,-1.5707964
0.0,100.1936,5.0,-1.5707964
0.0,99.971634,5.0,-1.5707964
0.0,99.7487,5.0,-1.5707964
0.0,99.52482,5.0,-1.5707964
0.0,99.29999,5.0,-1.5707964
0.0,99.07421,5.0,-1.5707964
0.0,98.847496,5.0,-1.5707964
0.0,98.61986,5.0,-1.5707964
0.0,98.3913,5.0,-1.5707964
0.0,98.16181,5.0,-1.5707964
0.0,97.93142,5.0,-1.5707964
0.0,97.70013,5.0,-1.5707964
0.0,97.46793,5.0,-1.5707964
0.0,97.23485,5.0,-1.5707964
0.0,97.00088,5.0,-1.5707964
0.0,96.76603,5.0,-1.5707964
0.0,96.530304,5.0,-1.5707964
0.0,96.29372,5.0,-1.5707964
0.0,96.056274,5.0,-1.5707964
0.0,95.81797,5.0,-1.5707964
0.0,95.57883,5.0,-1.5707964
0.0,95.33884,5.0,-1.5707964
0.0,95.09802,5.0,-1.5707964
0.0,94.85638,5.0,-1.5707964
0.0,94.61391,5.0,-1.5707964
0.0,94.37063,5.0,-1.5707964
0.0,94.12655,5.0,-1.5707964
0.0,93.88166,5.0,-1.5707964
0.0,93.63599,5.0,-1.5707964
0.0,93.38952,5.0,-1.5707964
0.0,93.14227,5.0,-1.5707964
0.0,92.89426,5.0,-1.5707964
0.0,92.64548,5.0,-1.5707964
0.0,92.395935,5.0,-1.5707964
0.0,92.14564,5.0,-1.5707964
0.0,91.8946,5.0,-1.5707964
0.0,91.64282,5.0,-1.5707964
0.0,91.39031,5.0,-1.5707964
0.0,91.13708,5.0,-1.5707964
0.0,90.883125,5.0,-1.5707964
0.0,90.628456,5.0,-1.5707964
0.0,90.37309,5.0,-1.5707964
0.0,90.11703,5.0,-1.5707964
0.0,89.860275,5.0,-1.5707964
0.0,89.60284,5.0,-1.5707964
0.0,89.34473,5.0,-1.5707964
0.0,89.085945,5.0,-1.5707964
0.0,88.8265,5.0,-1.5707964
0.0,88.56641,5.0,-1.5707964
0.0,88.305664,5.0,-1.5707964
0.0,88.04428,5.0,-1.5707964
0.0,87.782265,5.0,-1.5707964
0.0,87.51962,5.0,-1.5707964
0.0,87.25636,5.0,-1.5707964
0.0,86.99249,5.0,-1.5707964
0.0,86.72801,5.0,-1.5707964
0.0,86.462944,5.0,-1.5707964
0.0,86.19728,5.0,-1.5707964
0.0,85.93104,5.0,-1.5707964
0.0,85.664215,5.0,-1.5707964
0.0,85.396835,5.0,-1.5707964
0.0,85.12888,5.0,-1.5707964
0.0,84.86039,5.0,-1.5707964
0.0,84.59134,5.0,-1.5707964
0.0,84.32176,5.0,-1.5707964
0.0,84.05165,5.0,-1.5707964
0.0,83.78101,5.0,-1.5707964
0.0,83.50986,5.0,-1.5707964
0.0,83.2382,5.0,-1.5707964
0.0,82.96604,5.0,-1.5707964
0.0,82.69338,5.0,-1.5707964
0.0,82.42024,5.0,-1.5707964
0.0,82.14663,5.0,-1.5707964
0.0,81.872536,5.0,-1.5707964
0.0,81.597984,5.0,-1.5707964
0.0,81.322975,5.0,-1.5707964
0.0,81.047516,5.0,-1.5707964
0.0,80.77162,5.0,-1.5707964
0.0,80.49529,5.0,-1.5707964
0.0,80.21854,5.0,-1.5707964
0.0,79.94136,5.0,-1.5707964
0.0,79.66377,5.0,-1.5707964
0.0,79.38579,5.0,-1.5707964
0.0,79.10741,5.0,-1.5707964
0.0,78.828636,5.0,-1.5707964
0.0,78.54949,5.0,-1.5707964
0.0,78.269966,5.0,-1.5707964
0.0,77.99008,5.0,-1.5707964
0.0,77.70984,5.0,-1.5707964
0.0,77.429245,5.0,-1.5707964
0.0,77.148315,5.0,-1.5707964
0.0,76.86705,5.0,-1.5707964
0.0,76.58546,5.0,-1.5707964
0.0,76.30354,5.0,-1.5707964
0.0,76.021324,5.0,-1.5707964
0.0,75.7388,5.0,-1.5707964
0.0,75.455986,5.0,-1.5707964
0.0,75.172874,5.0,-1.5707964
0.0,74.889496,5.0,-1.5707964
0.0,74.605835,5.0,-1.5707964
0.0,74.321915,5.0,-1.5707964
0.0,74.03774,5.0,-1.5707964
0.0,73.75332,5.0,-1.5707964
0.0,73.46865,5.0,-1.5707964
0.0,73.183754,5.0,-1.5707964
0.0,72.89863,5.0,-1.5707964
0.0,72.61329,5.0,-1.5707964
0.0,72.32774,5.0,-1.5707964
0.0,72.04199,5.0,-1.5707964
0.0,71.75605,5.0,-1.5707964
0.0,71.469925,5.0,-1.5707964
0.0,71.18362,5.0,-1.5707964
0.0,70.89714,5.0,-1.5707964
0.0,70.610504,5.0,-1.5707964
0.0,70.323715,5.0,-1.5707964
0.0,70.03677,5.0,-1.5707964
0.0,69.749695,5.0,-1.5707964
0.0,69.462494,5.0,-1.5707964
0.0,69.17516,5.0,-1.5707964
0.0,68.88772,5.0,-1.5707964
0.0,68.60017,5.0,-1.5707964
0.0,68.312515,5.0,-1.5707964
0.0,68.02478,5.0,-1.5707964
0.0,67.73695,5.0,-1.5707964
0.0,67.44906,5.0,-1.5707964
0.0,67.16109,5.0,-1.5707964
0.0,66.87306,5.0,-1.5707964
0.0,66.58499,5.0,-1.5707964
0.0,66.29687,5.0,-1.5707964
0.0,66.00871,5.0,-1.5707964
0.0,65.72053,5.0,-1.5707964
0.0,65.43233,5.0,-1.5707964
0.0,65.14411,5.0,-1.5707964
0.0,64.85589,5.0,-1.5707964
0.0,64.56767,5.0,-1.5707964
0.0,64.27947,5.0,-1.5707964
0.0,63.991287,5.0,-1.5707964
0.0,63.703133,5.0,-1.5707964
0.0,63.415012,5.0,-1.5707964
0.0,63.126934,5.0,-1.5707964
0.0,62.83891,5.0,-1.5707964
0.0,62.550945,5.0,-1.5707964
0.0,62.263046,5.0,-1.5707964
0.0,61.975224,5.0,-1.5707964
0.0,61.68748,5.0,-1.5707964
0.0,61.399834,5.0,-1.5707964
0.0,61.11228,5.0,-1.5707964
0.0,60.824837,5.0,-1.5707964
0.0,60.53751,5.0,-1.5707964
0.0,60.2503,5.0,-1.5707964
0.0,59.963226,5.0,-1.5707964
0.0,59.67629,5.0,-1.5707964
0.0,59.389496,5.0,-1.5707964
0.0,59.10286,5.0,-1.5707964
0.0,58.816383,5.0,-1.5707964
0.0,58.530075,5.0,-1.5707964
0.0,58.24395,5.0,-1.5707964
0.0,57.958004,5.0,-1.5707964
0.0,57.672256,5.0,-1.5707964
0.0,57.386707,5.0,-1.5707964
0.0,57.101368,5.0,-1.5707964
0.0,56.816246,5.0,-1.5707964
0.0,56.53135,5.0,-1.5707964
0.0,56.246685,5.0,-1.5707964
0.0,55.96226,5.0,-1.5707964
0.0,55.678085,5.0,-1.5707964
0.0,55.394165,5.0,-1.5707964
0.0,55.110508,5.0,-1.5707964
0.0,54.82712,5.0,-1.5707964
0.0,54.544018,5.0,-1.5707964
0.0,54.2612,5.0,-1.5707964
0.0,53.978676,5.0,-1.5707964
0.0,53.696453,5.0,-1.5707964
0.0,53.414543,5.0,-1.5707964
0.0,53.13295,5.0,-1.5707964
0.0,52.851685,5.0,-1.5707964
0.0,52.57075,5.0,-1.5707964
0.0,52.29016,5.0,-1.5707964
0.0,52.00992,5.0,-1.5707964
0.0,51.730034,5.0,-1.5707964
0.0,51.450512,5.0,-1.5707964
0.0,51.171364,5.0,-1.5707964
0.0,50.892593,5.0,-1.5707964
0.0,50.614212,5.0,-1.5707964
0.0,50.336224,5.0,-1.5707964
0.0,50.05864,5.0,-1.5707964
0.0,49.781464,5.0,-1.5707964
0.0,49.50471,5.0,-1.5707964
0.0,49.22838,5.0,-1.5707964
0.0,48.95248,5.0,-1.5707964
0.0,48.677025,5.0,-1.5707964
0.0,48.402016,5.0,-1.5707964
0.0,48.127464,5.0,-1.5707964
0.0,47.853374,5.0,-1.5707964
0.0,47.579754,5.0,-1.5707964
0.0,47.306614,5.0,-1.5707964
0.0,47.033962,5.0,-1.5707964
0.0,46.7618,5.0,-1.5707964
0.0,46.49014,5.0,-1.5707964
0.0,46.218987,5.0,-1.5707964
0.0,45.948353,5.0,-1.5707964
0.0,45.678238,5.0,-1.5707964
0.0,45.408657,5.0,-1.5707964
0.0,45.139614,5.0,-1.5707964
0.0,44.871113,5.0,-1.5707964
0.0,44.60317,5.0,-1.5707964
0.0,44.33578,5.0,-1.5707964
0.0,44.068962,5.0,-1.5707964
0.0,43.80272,5.0,-1.5707964
0.0,43.53706,5.0,-1.5707964
0.0,43.271988,5.0,-1.5707964
0.0,43.00751,5.0,-1.5707964
0.0,42.74364,5.0,-1.5707964
0.0,42.48038,5.0,-1.5707964
0.0,42.21774,5.0,-1.5707964
0.0,41.955723,5.0,-1.5707964
0.0,41.694336,5.0,-1.5707964
0.0,41.433594,5.0,-1.5707964
0.0,41.173496,5.0,-1.5707964
0.0,40.914055,5.0,-1.5707964
0.0,40.655273,5.0,-1.5707964
0.0,40.397163,5.0,-1.5707964
0.0,40.13973,5.0,-1.5707964
0.0,39.882973,5.0,-1.5707964
0.0,39.626907,5.0,-1.5707964
0.0,39.37154,5.0,-1.5707964
0.0,39.11688,5.0,-1.5707964
0.0,38.862926,5.0,-1.5707964
0.0,38.60969,5.0,-1.5707964
0.0,38.35718,5.0,-1.5707964
0.0,38.105404,5.0,-1.5707964
0.0,37.854362,5.0,-1.5707964
0.0,37.60407,5.0,-1.5707964
0.0,37.354527,5.0,-1.5707964
0.0,37.105743,5.0,-1.5707964
0.0,36.857727,5.0,-1.5707964
0.0,36.61048,5.0,-1.5707964
0.0,36.364017,5.0,-1.5707964
0.0,36.11834,5.0,-1.5707964
0.0,35.873455,5.0,-1.5707964
0.0,35.629368,5.0,-1.5707964
0.0,35.38609,5.0,-1.5707964
0.0,35.143623,5.0,-1.5707964
0.0,34.901978,5.0,-1.5707964
0.0,34.66116,5.0,-1.5707964
0.0,34.421173,5.0,-1.5707964
0.0,34.18203,5.0,-1.5707964
0.0,33.94373,5.0,-1.5707964
0.0,33.70628,5.0,-1.5707964
0.0,33.469692,5.0,-1.5707964
0.0,33.23397,5.0,-1.5707964
0.0,32.999123,5.0,-1.5707964
0.0,32.765152,5.0,-1.5707964
0.0,32.532066,5.0,-1.5707964
0.0,32.299873,5.0,-1.5707964
0.0,32.068577,5.0,-1.5707964
0.0,31.838186,5.0,-1.5707964
0.0,31.608706,5.0,-1.5707964
0.0,31.38014,5.0,-1.5707964
0.0,31.1525,5.0,-1.5707964
0.0,30.925789,5.0,-1.5707964
0.0,30.700014,5.0,-1.5707964
0.0,30.47518,5.0,-1.5707964
0.0,30.251295,5.0,-1.5707964
0.0,30.028364,5.0,-1.5707964
0.0,29.806393,5.0,-1.5707964
0.0,29.585388,5.0,-1.5707964
0.0,29.365356,5.0,-1.5707964
0.0,29.146303,5.0,-1.5707964
0.0,28.928236,5.0,-1.5707964
0.0,28.711157,5.0,-1.5707964
0.0,28.495075,5.0,-1.5707964
0.0,28.279997,5.0,-1.5707964
0.0,28.065926,5.0,-1.5707964
0.0,27.852869,5.0,-1.5707964
0.0,27.640833,5.0,-1.5707964
0.0,27.429823,5.0,-1.5707964
0.0,27.219845,5.0,-1.5707964
0.0,27.010902,5.0,-1.5707964
0.0,26.803005,5.0,-1.5707964
0.0,26.596157,5.0,-1.5707964
0.0,26.390362,5.0,-1.5707964
0.0,26.185627,5.0,-1.5707964
0.0,25.98196,5.0,-1.5707964
0.0,25.779364,5.0,-1.5707964
0.0,25.577843,5.0,-1.5707964
0.0,25.377407,5.0,-1.5707964
0.0,25.178057,5.0,-1.5707964
0.0,24.979801,5.0,-1.5707964
0.0,24.782646,5.0,-1.5707964
0.0,24.586594,5.0,-1.5707964
0.0,24.391651,5.0,-1.5707964
0.0,24.197824,5.0,-1.5707964
0.0,24.005117,5.0,-1.5707964
0.0,23.813538,5.0,-1.5707964
0.0,23.623087,5.0,-1.5707964
0.0,23.433773,5.0,-1.5707964
0.0,23.245602,5.0,-1.5707964
0.0,23.058577,5.0,-1.5707964
0.0,22.872702,5.0,-1.5707964
0.0,22.687986,5.0,-1.5707964
0.0,22.50443,5.0,-1.5707964
0.0,22.322042,5.0,-1.5707964
0.0,22.140827,5.0,-1.5707964
0.0,21.960789,5.0,-1.5707964
0.0,21.78193,5.0,-1.5707964
0.0,21.604261,5.0,-1.5707964
0.0,21.427782,5.0,-1.5707964
0.0,21.2525,5.0,-1.5707964
0.0,21.07842,5.0,-1.5707964
0.0,20.905546,5.0,-1.5707964
0.0,20.733883,5.0,-1.5707964
0.0,20.563435,5.0,-1.5707964
0.0,20.394207,5.0,-1.5707964
0.0,20.226204,5.0,-1.5707964
0.0,20.059431,5.0,-1.5707964
0.0,19.893892,5.0,-1.5707964
0.0,19.729591,5.0,-1.5707964
0.0,19.566534,5.0,-1.5707964
0.0,19.404724,5.0,-1.5707964
0.0,19.244167,5.0,-1.5707964
0.0,19.084866,5.0,-1.5707964
0.0,18.926826,5.0,-1.5707964
0.0,18.770052,5.0,-1.5707964
0.0,18.614546,5.0,-1.5707964
0.0,18.460314,5.0,-1.5707964
0.0,18.307362,5.0,-1.5707964
0.0,18.15569,5.0,-1.5707964
0.0,18.005304,5.0,-1.5707964
0.0,17.85621,5.0,-1.5707964
0.0,17.70841,5.0,-1.5707964
0.0,17.56191,5.0,-1.5707964
0.0,17.416712,5.0,-1.5707964
0.0,17.272821,5.0,-1.5707964
0.0,17.13024,5.0,-1.5707964
0.0,16.988974,5.0,-1.5707964
0.0,16.849026,5.0,-1.5707964
0.0,16.7104,5.0,-1.5707964
0.0,16.573101,5.0,-1.5707964
0.0,16.43713,5.0,-1.5707964
0.0,16.302494,5.0,-1.5707964
0.0,16.169195,5.0,-1.5707964
0.0,16.037237,5.0,-1.5707964
0.0,15.906625,5.0,-1.5707964
0.0,15.77736,5.0,-1.5707964
0.0,15.6494465,5.0,-1.5707964
0.0,15.522888,5.0,-1.5707964
0.0,15.397689,5.0,-1.5707964
0.0,15.273851,5.0,-1.5707964
0.0,15.151381,5.0,-1.5707964
0.0,15.030277,5.0,-1.5707964
0.0,14.910546,5.0,-1.5707964
0.0,14.7921915,5.0,-1.5707964
0.0,14.675216,5.0,-1.5707964
0.0,14.559621,5.0,-1.5707964
0.0,14.445412,5.0,-1.5707964
0.0,14.332591,5.0,-1.5707964
0.0,14.221162,5.0,-1.5707964
0.0,14.111127,5.0,-1.5707964
0.0,14.002489,5.0,-1.5707964
0.0,13.895252,5.0,-1.5707964
0.0,13.789418,5.0,-1.5707964
0.0,13.684991,5.0,-1.5707964
0.0,13.581973,5.0,-1.5707964
0.0,13.480367,5.0,-1.5707964
0.0,13.380175,5.0,-1.5707964
0.0,13.281402,5.0,-1.5707964
0.0,13.184048,5.0,-1.5707964
0.0,13.088117,5.0,-1.5707964
0.0,12.993612,5.0,-1.5707964
0.0,12.900535,5.0,-1.5707964
0.0,12.808888,5.0,-1.5707964
0.0,12.718676,5.0,-1.5707964
0.0,12.629898,5.0,-1.5707964
0.0,12.54256,5.0,-1.5707964
0.0,12.45666,5.0,-1.5707964
0.0,12.372205,5.0,-1.5707964
0.0,12.289194,5.0,-1.5707964
0.0,12.207631,5.0,-1.5707964
0.0,12.127519,5.0,-1.5707964
0.0,12.048857,5.0,-1.5707964
0.0,11.97165,5.0,-1.5707964
0.0,11.895899,5.0,-1.5707964
0.0,11.821607,5.0,-1.5707964
0.0,11.748775,5.0,-1.5707964
0.0,11.677404,5.0,-1.5707964
0.0,11.607498,5.0,-1.5707964
0.0,11.539059,5.0,-1.5707964
0.0,11.472088,5.0,-1.5707964
0.0,11.406587,5.0,-1.5707964
0.0,11.342557,5.0,-1.5707964
0.0,11.280001,5.0,-1.5707964
0.0,11.21892,5.0,-1.5707964
0.0,11.159316,5.0,-1.5707964
0.0,11.101191,5.0,-1.5707964
0.0,11.044545,5.0,-1.5707964
0.0,10.989381,5.0,-1.5707964
0.0,10.9357,5.0,-1.5707964
0.0,10.883505,5.0,-1.5707964
0.0,10.832795,5.0,-1.5707964
0.0,10.783573,5.0,-1.5707964
0.0,10.73584,5.0,-1.5707964
0.0,10.689597,5.0,-1.5707964
0.0,10.644845,5.0,-1.5707964
0.0,10.601586,5.0,-1.5707964
0.0,10.559821,5.0,-1.5707964
0.0,10.51955,5.0,-1.5707964
0.0,10.480777,5.0,-1.5707964
0.0,10.4435,5.0,-1.5707964
0.0,10.407721,5.0,-1.5707964
0.0,10.373441,5.0,-1.5707964
0.0,10.340662,5.0,-1.5707964
0.0,10.309383,5.0,-1.5707964
0.0,10.279607,5.0,-1.5707964
0.0,10.251332,5.0,-1.5707964
0.0,10.224562,5.0,-1.5707964
0.0,10.199296,5.0,-1.5707964
0.0,10.175534,5.0,-1.5707964
0.0,10.153278,5.0,-1.5707964
0.0,10.132529,5.0,-1.5707964
0.0,10.113286,5.0,-1.5707964
0.0,10.095551,5.0,-1.5707964
0.0,10.079323,5.0,-1.5707964
0.0,10.064603,5.0,-1.5707964
0.0,10.051392,5.0,-1.5707964
0.0,10.03969,5.0,-1.5707964
0.0,10.029497,5.0,-1.5707964
0.0,10.020814,5.0,-1.5707964
0.0,10.01364,5.0,-1.5707964
0.0,10.007977,5.0,-1.5707964
0.0,10.003823,5.0,-1.5707964
0.0,10.00118,5.0,-1.5707964
0.0,10.000047,5.0,-1.5707964
0.0,10.000424,5.0,1.5707964
0.0,10.002313,5.0,1.5707964
0.0,10.005711,5.0,1.5707964
0.0,10.010619,5.0,1.5707964
0.0,10.017038,5.0,1.5707964
0.0,10.024966,5.0,1.5707964
0.0,10.034405,5.0,1.5707964
0.0,10.045352,5.0,1.5707964
0.0,10.057809,5.0,1.5707964
0.0,10.0717745,5.0,1.5707964
0.0,10.087248,5.0,1.5707964
0.0,10.10423,5.0,1.5707964
0.0,10.12272,5.0,1.5707964
0.0,10.142715,5.0,1.5707964
0.0,10.164218,5.0,1.5707964
0.0,10.187227,5.0,1.5707964
0.0,10.2117405,5.0,1.5707964
0.0,10.23776,5.0,1.5707964
0.0,10.265282,5.0,1.5707964
0.0,10.294307,5.0,1.5707964
0.0,10.324835,5.0,1.5707964
0.0,10.356864,5.0,1.5707964
0.0,10.390393,5.0,1.5707964
0.0,10.425423,5.0,1.5707964
0.0,10.46195,5.0,1.5707964
0.0,10.499976,5.0,1.5707964
0.0,10.539498,5.0,1.5707964
0.0,10.580517,5.0,1.5707964
0.0,10.623029,5.0,1.5707964
0.0,10.667034,5.0,1.5707964
0.0,10.712532,5.0,1.5707964
0.0,10.759521,5.0,1.5707964
0.0,10.807999,5.0,1.5707964
0.0,10.8579645,5.0,1.5707964
0.0,10.909417,5.0,1.5707964
0.0,10.962356,5.0,1.5707964
0.0,11.016778,5.0,1.5707964
0.0,11.072682,5.0,1.5707964
0.0,11.130068,5.0,1.5707964
0.0,11.188933,5.0,1.5707964
0.0,11.249276,5.0,1.5707964
0.0,11.311094,5.0,1.5707964
0.0,11.374388,5.0,1.5707964
0.0,11.439154,5.0,1.5707964
0.0,11.50539,5.0,1.5707964
0.0,11.573095,5.0,1.5707964
0.0,11.642268,5.0,1.5707964
0.0,11.712906,5.0,1.5707964
0.0,11.785007,5.0,1.5707964
0.0,11.85857,5.0,1.5707964
0.0,11.933592,5.0,1.5707964
0.0,12.010072,5.0,1.5707964
0.0,12.088006,5.0,1.5707964
0.0,12.167394,5.0,1.5707964
0.0,12.248232,5.0,1.5707964
0.0,12.330519,5.0,1.5707964
0.0,12.414252,5.0,1.5707964
0.0,12.49943,5.0,1.5707964
0.0,12.586049,5.0,1.5707964
0.0,12.674108,5.0,1.5707964
0.0,12.763603,5.0,1.5707964
0.0,12.854533,5.0,1.5707964
0.0,12.946895,5.0,1.5707964
0.0,13.040686,5.0,1.5707964
0.0,13.135904,5.0,1.5707964
0.0,13.232547,5.0,1.5707964
0.0,13.330611,5.0,1.5707964
0.0,13.430094,5.0,1.5707964
0.0,13.5309925,5.0,1.5707964
0.0,13.633306,5.0,1.5707964
0.0,13.737029,5.0,1.5707964
0.0,13.842159,5.0,1.5707964
0.0,13.948695,5.0,1.5707964
0.0,14.056633,5.0,1.5707964
0.0,14.16597,5.0,1.5707964
0.0,14.276702,5.0,1.5707964
0.0,14.388827,5.0,1.5707964
0.0,14.502343,5.0,1.5707964
0.0,14.617246,5.0,1.5707964
0.0,14.733531,5.0,1.5707964
0.0,14.851197,5.0,1.5707964
0.0,14.970241,5.0,1.5707964
0.0,15.090657,5.0,1.5707964
0.0,15.212445,5.0,1.5707964
0.0,15.3356,5.0,1.5707964
0.0,15.460118,5.0,1.5707964
0.0,15.585998,5.0,1.5707964
0.0,15.713234,5.0,1.5707964
0.0,15.841824,5.0,1.5707964
0.0,15.971764,5.0,1.5707964
0.0,16.103048,5.0,1.5707964
0.0,16.235678,5.0,1.5707964
0.0,16.369646,5.0,1.5707964
0.0,16.50495,5.0,1.5707964
0.0,16.641584,5.0,1.5707964
0.0,16.779547,5.0,1.5707964
0.0,16.918835,5.0,1.5707964
0.0,17.059443,5.0,1.5707964
0.0,17.201366,5.0,1.5707964
0.0,17.344603,5.0,1.5707964
0.0,17.489147,5.0,1.5707964
0.0,17.634998,5.0,1.5707964
0.0,17.782148,5.0,1.5707964
0.0,17.930597,5.0,1.5707964
0.0,18.080336,5.0,1.5707964
0.0,18.231365,5.0,1.5707964
0.0,18.383678,5.0,1.5707964
0.0,18.537271,5.0,1.5707964
0.0,18.692139,5.0,1.5707964
0.0,18.84828,5.0,1.5707964
0.0,19.005688,5.0,1.5707964
0.0,19.16436,5.0,1.5707964
0.0,19.32429,5.0,1.5707964
0.0,19.485474,5.0,1.5707964
0.0,19.647907,5.0,1.5707964
0.0,19.811586,5.0,1.5707964
0.0,19.976507,5.0,1.5707964
0.0,20.142664,5.0,1.5707964
0.0,20.310051,5.0,1.5707964
0.0,20.478668,5.0,1.5707964
0.0,20.648506,5.0,1.5707964
0.0,20.819563,5.0,1.5707964
0.0,20.99183,5.0,1.5707964
0.0,21.16531,5.0,1.5707964
0.0,21.33999,5.0,1.5707964
0.0,21.515873,5.0,1.5707964
0.0,21.692947,5.0,1.5707964
0.0,21.871212,5.0,1.5707964
0.0,22.05066,5.0,1.5707964
0.0,22.231289,5.0,1.5707964
0.0,22.41309,5.0,1.5707964
0.0,22.596062,5.0,1.5707964
0.0,22.7802,5.0,1.5707964
0.0,22.965494,5.0,1.5707964
0.0,23.151945,5.0,1.5707964
0.0,23.339544,5.0,1.5707964
0.0,23.528288,5.0,1.5707964
0.0,23.71817,5.0,1.5707964
0.0,23.909185,5.0,1.5707964
0.0,24.10133,5.0,1.5707964
0.0,24.294598,5.0,1.5707964
0.0,24.488983,5.0,1.5707964
0.0,24.68448,5.0,1.5707964
0.0,24.881086,5.0,1.5707964
0.0,25.078793,5.0,1.5707964
0.0,25.277596,5.0,1.5707964
0.0,25.47749,5.0,1.5707964
0.0,25.678469,5.0,1.5707964
0.0,25.880527,5.0,1.5707964
0.0,26.08366,5.0,1.5707964
0.0,26.287863,5.0,1.5707964
0.0,26.493128,5.0,1.5707964
0.0,26.69945,5.0,1.5707964
0.0,26.906824,5.0,1.5707964
0.0,27.115244,5.0,1.5707964
0.0,27.324705,5.0,1.5707964
0.0,27.5352,5.0,1.5707964
0.0,27.746723,5.0,1.5707964
0.0,27.95927,5.0,1.5707964
0.0,28.172834,5.0,1.5707964
0.0,28.387411,5.0,1.5707964
0.0,28.602991,5.0,1.5707964
0.0,28.819572,5.0,1.5707964
0.0,29.037146,5.0,1.5707964
0.0,29.255707,5.0,1.5707964
0.0,29.47525,5.0,1.5707964
0.0,29.69577,5.0,1.5707964
0.0,29.917257,5.0,1.5707964
0.0,30.13971,5.0,1.5707964
0.0,30.36312,5.0,1.5707964
0.0,30.587479,5.0,1.5707964
0.0,30.812784,5.0,1.5707964
0.0,31.039028,5.0,1.5707964
0.0,31.266205,5.0,1.5707964
0.0,31.494308,5.0,1.5707964
0.0,31.723331,5.0,1.5707964
0.0,31.953268,5.0,1.5707964
0.0,32.184113,5.0,1.5707964
0.0,32.41586,5.0,1.5707964
0.0,32.6485,5.0,1.5707964
0.0,32.882027,5.0,1.5707964
0.0,33.116436,5.0,1.5707964
0.0,33.351723,5.0,1.5707964
0.0,33.58788,5.0,1.5707964
0.0,33.824898,5.0,1.5707964
0.0,34.06277,5.0,1.5707964
0.0,34.301495,5.0,1.5707964
0.0,34.54106,5.0,1.5707964
0.0,34.781467,5.0,1.5707964
0.0,35.022697,5.0,1.5707964
0.0,35.264755,5.0,1.5707964
0.0,35.50763,5.0,1.5707964
0.0,35.751312,5.0,1.5707964
0.0,35.995796,5.0,1.5707964
0.0,36.241077,5.0,1.5707964
0.0,36.487152,5.0,1.5707964
0.0,36.734005,5.0,1.5707964
0.0,36.981636,5.0,1.5707964
0.0,37.230038,5.0,1.5707964
0.0,37.479202,5.0,1.5707964
0.0,37.729122,5.0,1.5707964
0.0,37.97979,5.0,1.5707964
0.0,38.2312,5.0,1.5707964
0.0,38.483345,5.0,1.5707964
0.0,38.736217,5.0,1.5707964
0.0,38.98981,5.0,1.5707964
0.0,39.24412,5.0,1.5707964
0.0,39.499138,5.0,1.5707964
0.0,39.754856,5.0,1.5707964
0.0,40.011265,5.0,1.5707964
0.0,40.26836,5.0,1.5707964
0.0,40.526134,5.0,1.5707964
0.0,40.784584,5.0,1.5707964
0.0,41.043694,5.0,1.5707964
0.0,41.303463,5.0,1.5707964
0.0,41.563885,5.0,1.5707964
0.0,41.82495,5.0,1.5707964
0.0,42.08665,5.0,1.5707964
0.0,42.34898,5.0,1.5707964
0.0,42.61193,5.0,1.5707964
0.0,42.8755,5.0,1.5707964
0.0,43.139675,5.0,1.5707964
0.0,43.40445,5.0,1.5707964
0.0,43.669815,5.0,1.5707964
0.0,43.93577,5.0,1.5707964
0.0,44.2023,5.0,1.5707964
0.0,44.469406,5.0,1.5707964
0.0,44.737072,5.0,1.5707964
0.0,45.005295,5.0,1.5707964
0.0,45.274067,5.0,1.5707964
0.0,45.54338,5.0,1.5707964
0.0,45.81323,5.0,1.5707964
0.0,46.083607,5.0,1.5707964
0.0,46.3545,5.0,1.5707964
0.0,46.625908,5.0,1.5707964
0.0,46.89782,5.0,1.5707964
0.0,47.170227,5.0,1.5707964
0.0,47.443127,5.0,1.5707964
0.0,47.716507,5.0,1.5707964
0.0,47.99036,5.0,1.5707964
0.0,48.264683,5.0,1.5707964
0.0,48.539463,5.0,1.5707964
0.0,48.814697,5.0,1.5707964
0.0,49.090374,5.0,1.5707964
0.0,49.36649,5.0,1.5707964
0.0,49.643036,5.0,1.5707964
0.0,49.920002,5.0,1.5707964
0.0,50.19738,5.0,1.5707964
0.0,50.475166,5.0,1.5707964
0.0,50.753353,5.0,1.5707964
0.0,51.03193,5.0,1.5707964
0.0,51.31089,5.0,1.5707964
0.0,51.590225,5.0,1.5707964
0.0,51.86993,5.0,1.5707964
0.0,52.149994,5.0,1.5707964
0.0,52.430412,5.0,1.5707964
0.0,52.711178,5.0,1.5707964
0.0,52.99228,5.0,1.5707964
0.0,53.27371,5.0,1.5707964
0.0,53.555458,5.0,1.5707964
0.0,53.83753,5.0,1.5707964
0.0,54.1199,5.0,1.5707964
0.0,54.402573,5.0,1.5707964
0.0,54.685535,5.0,1.5707964
0.0,54.96878,5.0,1.5707964
0.0,55.252304,5.0,1.5707964
0.0,55.53609,5.0,1.5707964
0.0,55.82014,5.0,1.5707964
0.0,56.104443,5.0,1.5707964
0.0,56.38899,5.0,1.5707964
0.0,56.67377,5.0,1.5707964
0.0,56.958782,5.0,1.5707964
0.0,57.24401,5.0,1.5707964
0.0,57.529457,5.0,1.5707964
0.0,57.815105,5.0,1.5707964
0.0,58.100952,5.0,1.5707964
0.0,58.38699,5.0,1.5707964
0.0,58.673206,5.0,1.5707964
0.0,58.9596,5.0,1.5707964
0.0,59.24616,5.0,1.5707964
0.0,59.53287,5.0,1.5707964
0.0,59.81974,5.0,1.5707964
0.0,60.106747,5.0,1.5707964
0.0,60.39389,5.0,1.5707964
0.0,60.68116,5.0,1.5707964
0.0,60.968544,5.0,1.5707964
0.0,61.256042,5.0,1.5707964
0.0,61.543644,5.0,1.5707964
0.0,61.83134,5.0,1.5707964
0.0,62.119125,5.0,1.5707964
0.0,62.406986,5.0,1.5707964
0.0,62.69492,5.0,1.5707964
0.0,62.982914,5.0,1.5707964
0.0,63.27097,5.0,1.5707964
0.0,63.559067,5.0,1.5707964
0.0,63.847206,5.0,1.5707964
0.0,64.135376,5.0,1.5707964
0.0,64.42357,5.0,1.5707964
0.0,64.711784,5.0,1.5707964
0.0,65.0,5.0,1.5707964
